[array([[[ -1.06208910e-03,   2.48299531e-03,   6.81065269e-03,
           9.76220859e-03],
        [ -7.82621533e-03,  -1.28803797e-04,   4.87729985e-03,
           1.40829996e-02],
        [  2.83744340e-04,  -2.64758513e-03,   1.40683917e-03,
           9.83116525e-03],
        [ -1.00441770e-03,  -3.23077812e-03,   4.85764574e-03,
           4.29096457e-03]],

       [[ -7.08418397e-03,   3.22070950e-03,   1.35866268e-02,
           8.78440935e-03],
        [ -7.57727591e-03,  -3.16256813e-03,   1.34455277e-02,
           9.07529166e-03],
        [ -1.97977319e-03,   3.81256480e-05,   4.83032827e-03,
           5.93538953e-03],
        [  2.50809737e-03,   1.17498231e-03,   9.75528267e-04,
           8.89641339e-03]]]), array([[[ 0.18262252,  0.17978119,  0.18297395,  0.18078576],
        [ 0.18298014,  0.18403622,  0.17776117,  0.17705829],
        [ 0.17905263,  0.17701417,  0.1754481 ,  0.18310618],
        [ 0.17542983,  0.17595349,  0.17889912,  0.18336696]],

       [[ 0.19180038,  0.19539438,  0.18861192,  0.18942521],
        [ 0.19470727,  0.19040007,  0.19687972,  0.19454199],
        [ 0.19088007,  0.19219967,  0.1943046 ,  0.19413944],
        [ 0.18657282,  0.18647843,  0.19090463,  0.19327105]]]), array([[[ 0.00773166,  0.00206055,  0.00576392,  0.00660909],
        [ 0.00678306,  0.00450303,  0.00147288,  0.00539302],
        [ 0.00167518,  0.0020756 ,  0.00369062,  0.00515371],
        [ 0.0031282 ,  0.01062981,  0.00708982,  0.00484597]],

       [[ 0.00498543,  0.01065537,  0.00382   ,  0.01003027],
        [ 0.00444904,  0.00100872,  0.00723465,  0.00865347],
        [ 0.00179159,  0.00616035,  0.00229962,  0.00454006],
        [ 0.00592945,  0.00259409,  0.00617823,  0.00621155]]]), array([[[ 0.00259894,  0.01067318,  0.00487256,  0.00966802],
        [ 0.00722637,  0.00864438,  0.0087327 ,  0.01054684],
        [ 0.01103627,  0.00491185,  0.00700134,  0.00742326],
        [ 0.01026399,  0.00705123,  0.00326401,  0.00936667]],

       [[ 0.00287524,  0.00800164,  0.00937202,  0.0084007 ],
        [ 0.00801912,  0.01019076,  0.00315221,  0.00871067],
        [ 0.00152875,  0.00793149,  0.00742361,  0.00332632],
        [ 0.00726529,  0.00622629,  0.0019452 ,  0.00743313]]]), array([[[ 0.00689052,  0.00356559,  0.00575221,  0.0021231 ],
        [ 0.00574767,  0.00406841,  0.00357451,  0.00923575],
        [ 0.00148235,  0.00993129,  0.00790482,  0.00764875],
        [ 0.00674289,  0.00453572,  0.00695304,  0.00600646]],

       [[ 0.00250699,  0.0034378 ,  0.00991507,  0.00858064],
        [ 0.00080477,  0.00489727,  0.00210012,  0.0095229 ],
        [ 0.00103316,  0.00674584,  0.00533249,  0.01028047],
        [ 0.01050451,  0.00674934,  0.00236508,  0.00091346]]]), array([[[ 0.00330991,  0.00268111,  0.00862533,  0.00100879],
        [ 0.00490714,  0.0084518 ,  0.0012436 ,  0.0097008 ],
        [ 0.00932618,  0.00730183,  0.00991092,  0.00342781],
        [ 0.00239755,  0.0080316 ,  0.01015709,  0.00133904]],

       [[ 0.00909202,  0.00645537,  0.00098218,  0.00753602],
        [ 0.00390922,  0.00292937,  0.00311304,  0.00939347],
        [ 0.00503567,  0.00828343,  0.00154189,  0.00438885],
        [ 0.00898473,  0.00271198,  0.00191069,  0.00277789]]])]