[array([[[ 0.02074555,  0.03570739, -0.18096056, -0.25626495, -0.32942403,
         -0.42502042, -0.36131196, -0.40121627],
        [-0.00639623,  0.00275304, -0.22987737, -0.19454165, -0.34968407,
         -0.3304442 , -0.36059514, -0.35621108],
        [-0.05657968, -0.03607499, -0.33491595, -0.37111807, -0.26798954,
         -0.22386717, -0.19049648, -0.24252344],
        [-0.04663796, -0.05087105, -0.40823513, -0.37828236, -0.28813894,
         -0.24132255, -0.22941599, -0.20286607],
        [-0.14343321, -0.08691257, -0.14152435, -0.15434515, -0.02421659,
         -0.0695322 , -0.22454634, -0.18162884],
        [-0.13330325, -0.10458384, -0.21020338, -0.19640852, -0.01689622,
         -0.08823595, -0.23443582, -0.18529444],
        [-0.08786966, -0.04525394, -0.29616093, -0.30632735, -0.13256677,
         -0.15218615, -0.2719327 , -0.2014546 ],
        [-0.0661359 , -0.04290999, -0.24143441, -0.3188268 , -0.14908079,
         -0.11954319, -0.20241811, -0.24718011]],

       [[-0.04711877, -0.04327974, -0.20942606, -0.21636092, -0.54618959,
         -0.52543932, -0.26051811, -0.25133015],
        [ 0.01807423, -0.00641387, -0.1967095 , -0.20542439, -0.4680923 ,
         -0.51181419, -0.24751711, -0.26036009],
        [-0.0362868 , -0.04612885, -0.39531237, -0.32913153, -0.3251541 ,
         -0.33657884, -0.12063934, -0.13030734],
        [-0.06195507, -0.06058017, -0.34923606, -0.36215005, -0.28055174,
         -0.30796987, -0.09588509, -0.13413601],
        [-0.15367934, -0.11813352, -0.26982759, -0.25107892, -0.02272757,
          0.047397  , -0.34168893, -0.2938794 ],
        [-0.10672401, -0.06620238, -0.28558055, -0.25344516, -0.04180023,
          0.00456613, -0.35200363, -0.31282675],
        [-0.060024  , -0.02876947, -0.28028257, -0.28907618, -0.03582952,
         -0.01964388, -0.33908171, -0.29769771],
        [-0.0575663 , -0.04610346, -0.32946829, -0.23983649, -0.04037015,
         -0.05746323, -0.31834869, -0.35679396]]]), array([[[-0.21636529, -0.26265506, -0.262389  , -0.29722533, -0.3054603 ,
         -0.27012527, -0.23679208, -0.30187774],
        [-0.30240467, -0.2511265 , -0.25015511, -0.27451934, -0.30916395,
         -0.2242385 , -0.21632808, -0.21116342],
        [-0.232879  , -0.21671688, -0.27500835, -0.23836892, -0.29349542,
         -0.21151399, -0.28408372, -0.20928918],
        [-0.25507085, -0.28245355, -0.28749421, -0.28200316, -0.2169065 ,
         -0.29172108, -0.27666527, -0.25252029],
        [-0.24206798, -0.2411959 , -0.21276074, -0.25794253, -0.26082675,
         -0.30688651, -0.28404541, -0.28524291],
        [-0.22300167, -0.24509707, -0.21688999, -0.20578742, -0.25335849,
         -0.31027287, -0.24729366, -0.27319661],
        [-0.23584087, -0.22138873, -0.27943422, -0.25266834, -0.282246  ,
         -0.23778622, -0.21964643, -0.21704792],
        [-0.25891477, -0.25841435, -0.25950774, -0.27338543, -0.22094709,
         -0.20829118, -0.23948461, -0.26648067]],

       [[-0.2932086 , -0.20136391, -0.24097641, -0.26653644, -0.31918851,
         -0.24846762, -0.24572269, -0.25867401],
        [-0.24373865, -0.24716622, -0.29215469, -0.26922774, -0.25210786,
         -0.27948067, -0.2188429 , -0.27310212],
        [-0.20682613, -0.2193148 , -0.32296186, -0.32280645, -0.30887162,
         -0.28541667, -0.28529061, -0.26092621],
        [-0.2622565 , -0.21948351, -0.28014988, -0.27558783, -0.22315747,
         -0.22452215, -0.30869235, -0.32448455],
        [-0.32660612, -0.25771505, -0.28260266, -0.26090555, -0.31312561,
         -0.26924614, -0.32140789, -0.24625046],
        [-0.28486703, -0.31705614, -0.31478784, -0.244606  , -0.32772043,
         -0.30711009, -0.30478829, -0.32381535],
        [-0.26238026, -0.33400761, -0.27298397, -0.3113471 , -0.26695597,
         -0.30635168, -0.25299707, -0.30556837],
        [-0.30720792, -0.28621125, -0.31290512, -0.31821156, -0.29004543,
         -0.31472958, -0.25503337, -0.27926217]]]), array([[[-0.0849183 , -0.06355128, -0.0758984 , -0.02457995,  0.00300212,
         -0.03436465, -0.09085165,  0.00515267],
        [-0.05228045, -0.08028678,  0.01141395, -0.02060798, -0.04078477,
         -0.02814715, -0.09095987, -0.06578802],
        [-0.045914  , -0.04083045, -0.08870691,  0.00205581, -0.04720075,
         -0.00386555, -0.0052871 , -0.06982536],
        [-0.030275  , -0.09204741, -0.01527123, -0.0228484 , -0.00339775,
         -0.0321795 , -0.0707853 , -0.06762096],
        [-0.00775897, -0.05906588, -0.00635115,  0.01216831, -0.03884608,
         -0.07061031, -0.02881378, -0.04223847],
        [-0.05208268, -0.02503616, -0.0017098 ,  0.01604737, -0.00696411,
         -0.02249536,  0.01690619, -0.03850152],
        [-0.08276592, -0.0910028 , -0.05346058, -0.05961776, -0.0616932 ,
         -0.0103094 , -0.01616296, -0.01896443],
        [-0.0101322 , -0.01155883, -0.03328838, -0.01715846, -0.02099459,
         -0.00017021, -0.04932059,  0.01156523]],

       [[-0.05306294, -0.02899411,  0.0081195 , -0.06791693, -0.02865938,
         -0.02219032, -0.01489282, -0.01432287],
        [-0.01770764,  0.00378554, -0.01259115, -0.01116104, -0.02106418,
         -0.04568634, -0.00380606,  0.02007728],
        [-0.0490507 , -0.00639276, -0.03724094,  0.00205625,  0.00053986,
         -0.08036914, -0.00085415, -0.0863451 ],
        [-0.05308171,  0.00248543, -0.01621773, -0.05966219, -0.07513328,
         -0.03614948,  0.01134661, -0.04066134],
        [-0.06512869, -0.08231352,  0.00264451, -0.0450457 , -0.00971843,
         -0.01071098, -0.04188378, -0.00680737],
        [-0.07339268, -0.05985364, -0.04490095, -0.01531014, -0.07024977,
         -0.08654458, -0.04436985, -0.03516061],
        [-0.07015473, -0.06788942, -0.03904364, -0.05442341, -0.0177659 ,
         -0.00439608, -0.02796912,  0.0017162 ],
        [-0.07630064, -0.01669406, -0.07124659, -0.01575108, -0.06956134,
         -0.08881191, -0.02588294,  0.00333349]]]), array([[[ 0.03612853, -0.0428398 , -0.045347  , -0.00228242, -0.00281956,
         -0.03644547,  0.03869003,  0.02312972],
        [-0.02117303, -0.02377202, -0.03772819, -0.02909699, -0.00297834,
         -0.02376999,  0.0185958 , -0.05466659],
        [-0.03829135, -0.00636545,  0.01700059,  0.02487846,  0.03751748,
         -0.02349116,  0.05437156, -0.00475095],
        [-0.04051289, -0.05452849, -0.01300404, -0.0009263 ,  0.01653539,
          0.03994025,  0.0398233 , -0.00639595],
        [-0.01368149, -0.03610597, -0.04353972,  0.01914149, -0.04792268,
          0.01442935,  0.00586123,  0.03673978],
        [ 0.0259231 ,  0.03549359, -0.01452427, -0.02402904, -0.05152832,
          0.01845295, -0.02876495,  0.00817562],
        [-0.02385032, -0.00461981, -0.03770117, -0.01537144,  0.04113442,
          0.03737242,  0.04224919,  0.01504882],
        [-0.04534366, -0.00223782,  0.01406171, -0.03932888,  0.0548842 ,
          0.03621986, -0.04313202,  0.04089824]],

       [[-0.02192939, -0.05212104,  0.02976062,  0.01677058,  0.01890853,
         -0.05652642, -0.05835574, -0.0302893 ],
        [-0.05153901, -0.035633  , -0.01251389, -0.00213766, -0.02864002,
          0.00202278, -0.02699854,  0.02275883],
        [-0.0078698 , -0.02850884, -0.04570415, -0.03541629,  0.01816249,
          0.02256213, -0.05610941,  0.00116604],
        [-0.0306431 , -0.06096625, -0.01239745,  0.00317566, -0.02962619,
         -0.02872718,  0.00723288, -0.04456009],
        [-0.04312279,  0.00651079, -0.00184195, -0.00886704, -0.03720661,
         -0.05631259,  0.00742279,  0.00738038],
        [-0.03433941, -0.02958358, -0.04916295, -0.03433756, -0.01079372,
         -0.06732717, -0.0253555 , -0.04959822],
        [ 0.01383744, -0.03370962, -0.03909513,  0.02836385,  0.00466079,
         -0.06598549,  0.01761703, -0.05307959],
        [ 0.02899114,  0.02007719,  0.02791864, -0.04955341,  0.02071547,
         -0.01548789, -0.07824268, -0.06827363]]]), array([[[-0.03343831, -0.0298908 , -0.07949984,  0.01036202, -0.01780709,
         -0.02222575, -0.03704733, -0.05220877],
        [ 0.00513911,  0.01449751, -0.06813838,  0.00377008, -0.07824078,
         -0.05997286, -0.04755927,  0.00895537],
        [-0.05409264, -0.04249688, -0.04068886, -0.02954304, -0.01841357,
         -0.0559141 , -0.07367626,  0.00070249],
        [-0.06532636, -0.011373  , -0.06538305, -0.06610047, -0.04895495,
         -0.0414136 , -0.03039762, -0.03605049],
        [ 0.0070816 , -0.0180022 ,  0.0218916 , -0.04709049, -0.09065747,
         -0.09153107,  0.01107858, -0.07759421],
        [-0.03948365, -0.0100066 , -0.00277114, -0.07128389, -0.05777942,
         -0.05556282, -0.07350848, -0.04140537],
        [-0.06989401, -0.04005229,  0.02525164, -0.01344072, -0.0162567 ,
         -0.04009539,  0.00281496,  0.0154915 ],
        [-0.02461333, -0.01051795, -0.02591121,  0.02739657, -0.00737071,
         -0.03674077,  0.00762626,  0.00527079]],

       [[-0.04979559, -0.03022529, -0.02322565, -0.01109228, -0.06122077,
         -0.03086238, -0.08264361, -0.05462885],
        [-0.04682013, -0.04471984, -0.00898158, -0.05139568, -0.04521744,
         -0.07964703, -0.02875979, -0.00483048],
        [-0.07274982, -0.0290199 , -0.06648956, -0.07350836, -0.08441313,
         -0.09046665, -0.03826656, -0.03189775],
        [-0.01899132, -0.08051454, -0.01032199, -0.08096292, -0.05064806,
         -0.06910744, -0.07139263, -0.0431998 ],
        [-0.06347204,  0.00815746, -0.01939023, -0.00529077, -0.00409979,
         -0.02221166, -0.01631738,  0.00728883],
        [-0.05843853, -0.06959028, -0.04552521, -0.02889571, -0.05309941,
         -0.05604309, -0.00443382, -0.05511754],
        [-0.03598134, -0.05605855, -0.06513815, -0.00775573, -0.06683233,
         -0.08097943, -0.04038887,  0.00345049],
        [-0.03674971, -0.00522386,  0.01736996, -0.01781389, -0.02325992,
         -0.01408232, -0.01005553, -0.00095831]]]), array([[[ -5.84658063e-02,  -4.76087670e-03,   2.52682993e-03,
          -5.83579862e-02,  -3.20103340e-02,  -4.47219567e-02,
          -6.00231422e-02,  -2.02027641e-03],
        [ -3.76466186e-02,  -2.55700707e-02,   7.60563436e-03,
          -5.73857205e-02,  -6.78789352e-02,  -5.48902597e-02,
          -6.50993358e-02,  -3.96382413e-03],
        [  6.90333777e-03,   2.37242754e-02,  -3.94104581e-02,
          -5.96835573e-02,  -1.89620593e-02,  -4.71415035e-02,
          -5.98963764e-02,  -4.74030334e-02],
        [  1.94825807e-02,   1.09638453e-02,  -1.75463735e-02,
           5.88047611e-03,  -2.01233270e-02,  -3.93803593e-02,
          -8.20463585e-02,  -2.52493179e-02],
        [ -1.94003840e-02,  -2.30079452e-02,   1.42222448e-02,
          -4.40543663e-02,  -4.64999635e-02,   9.88942903e-03,
           7.69439755e-03,  -8.70010597e-02],
        [ -3.20704113e-03,   1.47042124e-02,  -6.44834278e-02,
          -6.56455609e-03,   1.14873685e-02,  -8.98799013e-03,
           1.32315092e-04,  -1.77682767e-02],
        [ -1.52073327e-03,   1.94976451e-02,  -4.81840600e-02,
          -2.20681208e-02,  -9.47975894e-02,  -7.53956631e-02,
          -4.44836608e-02,  -1.85291519e-02],
        [  1.86880134e-03,  -1.46011642e-02,  -5.36502333e-02,
          -4.67198132e-02,  -4.20900260e-02,  -4.36111463e-02,
          -3.26115453e-02,  -1.69939007e-02]],

       [[ -8.89407050e-02,  -1.69442652e-02,  -5.59105663e-03,
          -2.93509437e-02,  -1.81901383e-03,  -3.75484991e-02,
          -8.97779394e-02,   2.85236989e-03],
        [ -7.12003596e-03,  -8.19235453e-02,  -4.04141865e-02,
          -4.96861216e-02,  -7.64837236e-02,  -4.40463139e-02,
          -2.92765213e-02,  -3.81505683e-02],
        [ -3.26742369e-02,  -6.87981802e-02,  -5.50530541e-02,
          -4.55902229e-02,  -3.04799198e-02,  -9.21429434e-02,
          -5.23809713e-02,  -5.90711164e-02],
        [ -4.03604406e-02,  -1.01980376e-02,  -6.65552582e-02,
          -5.38669616e-02,  -8.39151256e-02,  -6.80559921e-02,
          -2.86717101e-02,  -8.26459759e-02],
        [ -6.65786487e-02,  -6.65532535e-02,   3.33621883e-05,
           9.19093513e-03,  -8.61068994e-02,  -5.30936250e-02,
          -3.15553885e-02,  -2.12245368e-02],
        [ -5.32539358e-03,  -2.73044359e-02,  -4.17043734e-02,
          -3.80906459e-02,  -1.05988225e-02,  -7.20250335e-02,
          -3.13354873e-02,  -9.30438693e-02],
        [ -4.56854030e-02,  -7.57446474e-03,  -5.83485635e-02,
          -2.10693871e-02,  -5.86852731e-02,  -7.74075308e-02,
          -4.20681791e-02,  -5.53004976e-02],
        [ -8.91544171e-02,  -3.35278774e-02,  -8.42505951e-02,
           4.55040891e-03,  -3.10927604e-03,  -9.44205902e-03,
          -2.99061204e-02,  -7.61148474e-02]]])]