[array([[[[-0.09450761,  0.01762838,  0.11947748,  0.05032859],
         [-0.01004613,  0.04525824,  0.04742103, -0.03970584],
         [ 0.03837619,  0.01502544, -0.01054906,  0.0271889 ],
         [-0.06473306,  0.02632591,  0.07560302,  0.10255388]],

        [[ 0.09255468, -0.06998504, -0.20428488, -0.13309451],
         [ 0.01592348, -0.13524834, -0.10588771, -0.0210508 ],
         [-0.04892659, -0.05133667,  0.01120798, -0.07689983],
         [ 0.04129688, -0.08962549, -0.08617502, -0.13362671]],

        [[-0.0134075 ,  0.04170365,  0.06532287,  0.08302147],
         [-0.01930033,  0.08678035,  0.05577281,  0.05790724],
         [ 0.00043174,  0.03262767, -0.00739254,  0.04232267],
         [ 0.0057772 ,  0.05790809, -0.00815576,  0.0184674 ]]],


       [[[-0.12770498,  0.02127141,  0.16040027,  0.03356445],
         [-0.03229222,  0.0607164 ,  0.02690069, -0.05584123],
         [ 0.03282428,  0.02610386, -0.03735113,  0.04068011],
         [-0.08804988,  0.03124992,  0.07074893,  0.12169809]],

        [[ 0.10208549, -0.07623549, -0.27058972, -0.10145983],
         [ 0.02271835, -0.14893377, -0.11074779,  0.01428837],
         [-0.04103923, -0.09024262,  0.05106528, -0.12274271],
         [ 0.05264763, -0.09316848, -0.05682097, -0.17984379]],

        [[-0.0023571 ,  0.03662017,  0.09775954,  0.06021398],
         [ 0.00294281,  0.08218346,  0.06915235,  0.03065735],
         [ 0.00091981,  0.06285229, -0.01922336,  0.06316947],
         [ 0.01571619,  0.06622557, -0.03518234,  0.04716424]]]]), array([[[[ 0.00507463,  0.00780472,  0.01423729,  0.00708448],
         [ 0.01118629,  0.008867  ,  0.0096952 ,  0.01370163],
         [ 0.01454006,  0.0130855 ,  0.00646826,  0.0101494 ],
         [ 0.0155926 ,  0.01411818,  0.00930188,  0.01068359]],

        [[-0.1082048 , -0.1102268 , -0.11065844, -0.10943519],
         [-0.10328994, -0.10692809, -0.10784327, -0.10921619],
         [-0.11081796, -0.10883589, -0.11030501, -0.10478726],
         [-0.11154781, -0.11226336, -0.10497134, -0.10697832]],

        [[ 0.10185704,  0.10010298,  0.10523647,  0.09903463],
         [ 0.10708423,  0.10682162,  0.098414  ,  0.09756669],
         [ 0.10270087,  0.09718347,  0.10754883,  0.10100794],
         [ 0.10416391,  0.10506627,  0.09907078,  0.10051775]]],


       [[[ 0.01076353,  0.01270998,  0.01340022,  0.01804303],
         [ 0.01584464,  0.0103628 ,  0.01861409,  0.01956825],
         [ 0.02275934,  0.01355188,  0.01901942,  0.01263357],
         [ 0.02023453,  0.02031081,  0.01618124,  0.00851546]],

        [[-0.10712697, -0.11646827, -0.11255464, -0.11445601],
         [-0.10481143, -0.11187318, -0.11669296, -0.11546197],
         [-0.11741785, -0.11178083, -0.11803485, -0.11917166],
         [-0.12932737, -0.12064556, -0.1202086 , -0.1107643 ]],

        [[ 0.09479954,  0.0985417 ,  0.10408309,  0.09876059],
         [ 0.10163988,  0.10557031,  0.10305073,  0.10632401],
         [ 0.10715528,  0.1067924 ,  0.10803594,  0.1043488 ],
         [ 0.10221259,  0.10800618,  0.09960432,  0.10292631]]]]), array([[[[-0.00551157, -0.00831094, -0.01329786, -0.00880955],
         [-0.0088219 , -0.00769022, -0.01365802, -0.00786446],
         [-0.01432942, -0.00920542, -0.00638883, -0.00663804],
         [-0.00875424, -0.00891681, -0.00643002, -0.00986779]],

        [[-0.00022443,  0.00658967,  0.00576732,  0.00480409],
         [ 0.00334845, -0.00164276,  0.00198312,  0.00422071],
         [ 0.00470447,  0.00494223,  0.00365344,  0.00658691],
         [-0.00117494,  0.00706941,  0.00311758,  0.00675188]],

        [[-0.02206104, -0.02103704, -0.02500585, -0.0187907 ],
         [-0.01795953, -0.02404965, -0.02172417, -0.01898525],
         [-0.01838866, -0.02410291, -0.02495901, -0.02608971],
         [-0.02353388, -0.02175226, -0.02206161, -0.02280963]]],


       [[[-0.01265406, -0.01065349, -0.00883149, -0.01026411],
         [-0.01494298, -0.01211395, -0.01098025, -0.01092104],
         [-0.01487825, -0.0136879 , -0.01186519, -0.01071589],
         [-0.01494702, -0.01652549, -0.01479705, -0.01325285]],

        [[ 0.00497873,  0.00484484,  0.00859379,  0.00507235],
         [ 0.00530765,  0.00551352,  0.00541731,  0.00468048],
         [ 0.004706  ,  0.00602963,  0.00404608,  0.01223677],
         [ 0.00850787,  0.00748021,  0.00355237,  0.00261254]],

        [[-0.02647984, -0.02776449, -0.02103002, -0.02640527],
         [-0.02624493, -0.02884665, -0.01986521, -0.02292691],
         [-0.02411161, -0.01954414, -0.02102408, -0.0246544 ],
         [-0.02295482, -0.02823842, -0.02390092, -0.02135727]]]]), array([[[[-0.02602461, -0.02100579, -0.02722183, -0.02565258],
         [-0.02625926, -0.0278548 , -0.02337179, -0.01934355],
         [-0.02076112, -0.01823117, -0.02531568, -0.023107  ],
         [-0.02288584, -0.02498642, -0.02441061, -0.01989651]],

        [[ 0.02711409,  0.0230314 ,  0.02899774,  0.02419578],
         [ 0.03014614,  0.02273727,  0.03081294,  0.02396578],
         [ 0.02977902,  0.0253867 ,  0.02647278,  0.02836283],
         [ 0.02559413,  0.02234806,  0.03216539,  0.03235271]],

        [[-0.03214092, -0.03641508, -0.03468588, -0.02946863],
         [-0.02984009, -0.0381138 , -0.03559121, -0.0361643 ],
         [-0.03201922, -0.03369327, -0.02928139, -0.03071972],
         [-0.03293146, -0.03558321, -0.03165585, -0.02886636]]],


       [[[-0.01715244, -0.02196576, -0.01485286, -0.01386892],
         [-0.01898784, -0.02117585, -0.01237333, -0.02105874],
         [-0.01632963, -0.01455478, -0.01559806, -0.01443152],
         [-0.01972979, -0.01647153, -0.0224728 , -0.01731582]],

        [[ 0.00952006,  0.01467127,  0.01272652,  0.01260706],
         [ 0.01481512,  0.01154361,  0.01318093,  0.01764021],
         [ 0.01759066,  0.0136436 ,  0.01130873,  0.0127461 ],
         [ 0.01432844,  0.01192656,  0.01593149,  0.01163146]],

        [[-0.02745747, -0.03233983, -0.02418131, -0.02461173],
         [-0.0265319 , -0.03057067, -0.02534187, -0.02375477],
         [-0.02909495, -0.03248467, -0.03007908, -0.02455924],
         [-0.03174831, -0.02988335, -0.02882289, -0.02567035]]]]), array([[[[-0.01329327, -0.01847388, -0.01459674, -0.01453015],
         [-0.01189168, -0.01640055, -0.01280405, -0.01829538],
         [-0.01578478, -0.01825729, -0.01820596, -0.01299049],
         [-0.00989322, -0.01202851, -0.01090405, -0.01123264]],

        [[ 0.00878777,  0.0097226 ,  0.01014724,  0.00956434],
         [ 0.00880769,  0.01309518,  0.01067825,  0.0087851 ],
         [ 0.00577726,  0.00848875,  0.00554063,  0.00797667],
         [ 0.01047016,  0.01306858,  0.01488852,  0.01075965]],

        [[-0.02914697, -0.02013941, -0.0225572 , -0.01907296],
         [-0.02486524, -0.02382456, -0.02647786, -0.02468835],
         [-0.03016273, -0.02873733, -0.02204942, -0.02472365],
         [-0.02382853, -0.02709624, -0.02247263, -0.02337245]]],


       [[[-0.01676322, -0.00883392, -0.01535592, -0.0149482 ],
         [-0.01258721, -0.01476299, -0.00808878, -0.00855489],
         [-0.00978581, -0.00902673, -0.01076524, -0.01695101],
         [-0.01073246, -0.01291253, -0.01434584, -0.01519116]],

        [[ 0.00168433,  0.00527694,  0.00537662,  0.00452851],
         [ 0.01031133,  0.00167153,  0.00709231,  0.00977098],
         [ 0.00729413,  0.00443096,  0.00505257,  0.01084   ],
         [ 0.00837183,  0.01038965,  0.00287343,  0.00933119]],

        [[-0.01841792, -0.01938374, -0.02076485, -0.0233071 ],
         [-0.02124658, -0.01700737, -0.01957354, -0.02442146],
         [-0.02549109, -0.02153473, -0.02046061, -0.0209486 ],
         [-0.0185689 , -0.02420518, -0.01676885, -0.01926328]]]]), array([[[[ -1.05913095e-02,  -1.64780571e-02,  -1.32753102e-02,
           -1.74333102e-02],
         [ -1.27331604e-02,  -1.69381243e-02,  -9.27908852e-03,
           -1.46018820e-02],
         [ -1.58385621e-02,  -1.31639036e-02,  -1.47351969e-02,
           -1.63627877e-02],
         [ -1.15265963e-02,  -1.63378357e-02,  -1.68068763e-02,
           -1.79508393e-02]],

        [[  1.07863374e-02,   1.01090865e-02,   9.79582789e-03,
            1.14770621e-02],
         [  8.18461689e-03,   1.13080712e-02,   7.14677914e-03,
            5.48669470e-03],
         [  9.21063497e-03,   1.07585799e-02,   1.57029162e-02,
            8.27330863e-03],
         [  1.58980823e-02,   7.93442535e-03,   7.93072509e-03,
            8.60946393e-03]],

        [[ -1.75438014e-02,  -1.84157272e-02,  -2.24924847e-02,
           -2.42906234e-02],
         [ -2.80178008e-02,  -1.85261842e-02,  -2.61637412e-02,
           -2.40571511e-02],
         [ -2.49353370e-02,  -2.48246766e-02,  -2.44151351e-02,
           -2.17579644e-02],
         [ -2.10429181e-02,  -2.03633171e-02,  -1.79219096e-02,
           -2.37415971e-02]]],


       [[[ -1.49944978e-02,  -1.58112978e-02,  -1.51995348e-02,
           -1.21008421e-02],
         [ -9.25042585e-03,  -1.39154782e-02,  -7.61384758e-03,
           -1.39969011e-02],
         [ -1.46251042e-02,  -9.55018817e-03,  -1.25393477e-02,
           -9.11322982e-03],
         [ -6.22001176e-03,  -8.92186308e-03,  -6.12359991e-03,
           -8.03716081e-03]],

        [[  6.07449006e-03,  -7.66057594e-04,  -1.43355128e-03,
            4.69405397e-03],
         [  3.44970673e-03,  -1.94410057e-03,   3.33625188e-03,
            5.20654234e-03],
         [  4.67663894e-03,   2.07451892e-03,   8.69797078e-06,
            5.26405733e-03],
         [  2.23089672e-03,   4.80500925e-03,   9.36636295e-04,
            3.07705853e-03]],

        [[ -1.54355860e-02,  -2.19999077e-02,  -2.29029734e-02,
           -2.11468747e-02],
         [ -1.72988151e-02,  -2.29855271e-02,  -1.48951005e-02,
           -1.82872406e-02],
         [ -1.57088753e-02,  -2.45449990e-02,  -2.01915375e-02,
           -1.72567299e-02],
         [ -2.25269526e-02,  -1.85050183e-02,  -2.27932515e-02,
           -1.67867011e-02]]]])]